th: 5083.470400
ih: 5320.811100
qh: 6216.051533
hh: 9091.454800
mh: 12264.738967
ch: 6537.616300
sh: 5578.397133
