ih: 41567631.910000
sh: 203452    4.210000
qh: 1386039.970000
hh: 3845666.450000
mh: 6311543.750000
ch: 1898451.880000
th: 1215610.870000
