ih: 306655.747000
sh: 89485.567000
qh: 102771.021000
hh: 233282.815000
mh: 364265.682000
ch: 123155.684000
th: 77413.860000
