ih: 13789989837.200001
sh: 177534113.600000
qh: 23740070.200000
hh: 64870913.800000
mh: 212215603.800000
ch: 27993519.900000
th: 21840794.200000
