ii: 259741.300000
si: 1173386.600000
qi: 80817.600000
hi: 93082.600000
mi: 582053.600000
ci: 59830.600000
ti: 58692.900000
