ii: 3875.363100
si: 11525.397600
qi: 6063.268300
hi: 6634.588300
mi: 59735.603000
ci: 4248.636800
ti: 3614.359800
