ii: 162.255880
si: 153.719610
qi: 418.779020
hi: 356.117100
mi: 5142.345210
ci: 185.499630
ti: 169.793900
