ii: 23651795.300000
si: 120852694.150000
qi: 1053243.400000
hi: 1341482.500000
mi: 7167586.800000
ci: 698215.750000
ti: 749768.700000
