ii: 27.489000
si: 170.850300
qi: 352.554600
hi: 85.926800
mi: 4532.123600
ci: 40.283300
ti: 43.007700
