ln: 100
ti: 3290.160000
ts: 37392.640000
th: 69950.900000
ts: 377666.860000
ii: 3899.960000
is: 141831.980000
ih: 345929.510000
is: 1585623.800000
qi: 6410.380000
qs: 49325.370000
qh: 80877.040000
qs: 799089.280000
hi: 7299.300000
hs: 48170.740000
hh: 239054.630000
hs: 656941.700000
mi: 57229.090000
ms: 172390.890000
mh: 367838.310000
ms: 387990.970000
ci: 3532.530000
cs: 36577.730000
ch: 101196.130000
cs: 447703.210000
si: 11163.060000
ss: 175901.240000
sh: 56869.170000
ss: 3222442.720000
