is: 1703821.176000
ss: 3308363.321000
qs: 749242.569000
hs: 681290.586000
ms: 400140.174000
cs: 506029.894000
ts: 382914.439000
