ts: 16050.047400
is: 18313.764800
qs: 39480.711600
hs: 24972.436900
ms: 18336.906800
cs: 20379.033700
ss: 29318.326400
