is: 16525726291.400000
ss: 33201205856.900002
qs: 146598494.300000
hs: 157949903.800000
ms: 85727571.600000
cs: 105082311.800000
ts: 83143840.800000
