is: 2077954548.300000
ss: 2146882900.500000
qs: 15663259.400000
hs: 10816134.000000
ms: 38040684.300000
cs: 6094498.200000
ts: 8966946.100000
