ln: 9
ts: 1550.673580
is: 2246.293280
qs: 2443.367950
hs: 1716.748020
ms: 8661.422700
cs: 2816.512160
ss: 1533.063190
Done!
