ts: 35782.184700
is: 160406.071000
qs: 44269.743400
hs: 40823.699200
ms: 168173.601300
cs: 42444.883700
ss: 151750.351600
