ts: 644230.820000
is: 18925124.093000
qs: 704115.347000
hs: 736213.362000
ms: 2358618.689000
cs: 573089.126000
ss: 18456584.720000
